Pose                       q1       q2       q3       q4       q5       q6       CenterTgt XYZ           FK XYZ                  Err(mm)  Valid
-------------------------------------------------------------------------------------------------------------------------------------------------------------------------------
HOME                       +0.000  +0.000  +0.000  +1.571  -1.571  +0.000  (+1.104,+0.868,+1.433)  (+1.104,+0.868,+1.433)     0.00  PASS  (iters=0)
APPROACH_CONVEYOR          -2.013  +1.478  -1.591  +1.613  -1.616  -2.013  (+1.235,+1.365,+1.203)  (+1.317,+1.365,+1.207)     0.02  PASS  (iters=4)
PICK_CONVEYOR              -2.013  +1.982  -1.982  +1.499  -1.616  -2.013  (+1.235,+1.365,+1.083)  (+1.317,+1.365,+1.087)     0.01  PASS  (iters=4)
LIFT_CONVEYOR              -2.013  +1.355  -1.456  +1.600  -1.616  -2.013  (+1.235,+1.365,+1.232)  (+1.317,+1.365,+1.237)     0.02  PASS  (iters=4)
APPROACH_LOAD_FIXTURE      -0.526  +1.209  -0.905  +1.260  -1.596  -0.525  (+0.737,+1.109,+1.244)  (+0.819,+1.109,+1.247)     0.03  PASS  (iters=9)
PLACE_LOAD_FIXTURE         -0.526  +1.714  -1.440  +1.291  -1.596  -0.525  (+0.737,+1.109,+1.123)  (+0.819,+1.109,+1.128)     0.04  PASS  (iters=6)
RELEASE_LOAD_FIXTURE       -0.526  +1.635  -1.376  +1.305  -1.596  -0.525  (+0.737,+1.109,+1.143)  (+0.819,+1.109,+1.148)     0.06  PASS  (iters=6)
RETREAT_LOAD_FIXTURE       -0.526  +0.355  +0.865  +0.345  -1.596  -0.525  (+0.737,+1.109,+1.244)  (+0.819,+1.109,+1.247)     0.07  PASS  (iters=15)
APPROACH_PICK_RIVETED      -0.526  +0.355  +0.865  +0.345  -1.596  -0.525  (+0.737,+1.109,+1.244)  (+0.819,+1.109,+1.247)     0.06  PASS  (iters=14)
PICK_RIVETED               -0.526  +0.349  +1.400  -0.185  -1.596  -0.525  (+0.737,+1.109,+1.123)  (+0.819,+1.109,+1.128)     0.04  PASS  (iters=6)
LIFT_RIVETED               -0.529  +0.168  +1.338  -0.197  -1.602  -0.532  (+0.737,+1.109,+1.273)  (+0.813,+1.115,+1.243)     0.04  PASS  (iters=3)
APPROACH_VISION            +0.144  +0.354  +1.283  -0.067  -1.564  +0.144  (+0.750,+0.804,+1.147)  (+0.832,+0.804,+1.152)     0.07  PASS  (iters=6)
PLACE_VISION               +0.144  +0.535  +1.568  -0.533  -1.564  +0.144  (+0.750,+0.804,+1.027)  (+0.832,+0.804,+1.032)     0.10  PASS  (iters=5)
RELEASE_VISION             +0.144  +0.491  +1.539  -0.460  -1.564  +0.144  (+0.750,+0.804,+1.047)  (+0.832,+0.804,+1.052)     0.01  PASS  (iters=6)
RETREAT_VISION             +0.144  +0.354  +1.283  -0.067  -1.564  +0.144  (+0.750,+0.804,+1.147)  (+0.832,+0.804,+1.152)     0.07  PASS  (iters=6)
APPROACH_ACCEPT_BIN        +2.408  +0.678  +0.859  -0.054  -1.537  +2.409  (+1.650,+0.720,+1.137)  (+1.732,+0.720,+1.142)     0.04  PASS  (iters=7)
DROP_ACCEPT_BIN            +2.408  +0.824  +1.140  -0.481  -1.537  +2.409  (+1.650,+0.720,+1.017)  (+1.732,+0.720,+1.022)     0.03  PASS  (iters=6)
APPROACH_REJECT_BIN        +1.683  -0.359  +2.110  -0.235  -1.521  +1.683  (+1.330,+0.720,+1.137)  (+1.412,+0.720,+1.142)     0.02  PASS  (iters=5)
DROP_REJECT_BIN            +1.683  +0.018  +2.441  -0.943  -1.521  +1.683  (+1.330,+0.720,+1.017)  (+1.412,+0.720,+1.022)     0.02  PASS  (iters=5)

Summary: 19/19 poses PASS (<= 25 mm)

Per-joint mesa clearance worst case: 1.0402 m
Joint-mesa fails: 0
