Pose                       q1       q2       q3       q4       q5       q6       CenterTgt XYZ           FK XYZ                  Err(mm)  Valid
-------------------------------------------------------------------------------------------------------------------------------------------------------------------------------
HOME                       +0.000  +0.000  +0.000  +1.571  -1.571  +0.000  (+1.104,+0.868,+1.433)  (+1.104,+0.868,+1.433)     0.00  PASS  (iters=0)
APPROACH_CONVEYOR          -1.880  +1.485  -1.615  +1.636  -1.618  -1.881  (+1.235,+1.365,+1.203)  (+1.265,+1.365,+1.204)     0.07  PASS  (iters=2)
PICK_CONVEYOR              -1.880  +1.992  -2.003  +1.517  -1.618  -1.881  (+1.235,+1.365,+1.083)  (+1.265,+1.365,+1.084)     0.07  PASS  (iters=2)
LIFT_CONVEYOR              -1.880  +1.362  -1.480  +1.624  -1.618  -1.881  (+1.235,+1.365,+1.232)  (+1.265,+1.365,+1.234)     0.08  PASS  (iters=2)
APPROACH_LOAD_FIXTURE      -0.474  +1.029  -0.371  +0.907  -1.594  -0.473  (+0.737,+1.109,+1.244)  (+0.767,+1.109,+1.245)     0.08  PASS  (iters=24)
PLACE_LOAD_FIXTURE         -0.474  +1.623  -1.113  +1.055  -1.594  -0.473  (+0.737,+1.109,+1.123)  (+0.767,+1.109,+1.125)     0.09  PASS  (iters=4)
RELEASE_LOAD_FIXTURE       -0.474  +1.545  -1.042  +1.063  -1.594  -0.473  (+0.737,+1.109,+1.143)  (+0.767,+1.109,+1.145)     0.03  PASS  (iters=5)
RETREAT_LOAD_FIXTURE       -0.474  +1.029  -0.371  +0.907  -1.594  -0.473  (+0.737,+1.109,+1.244)  (+0.767,+1.109,+1.245)     0.07  PASS  (iters=38)
APPROACH_PICK_RIVETED      -0.474  +0.690  +0.331  +0.545  -1.594  -0.473  (+0.737,+1.109,+1.244)  (+0.767,+1.109,+1.245)     0.09  PASS  (iters=39)
PICK_RIVETED               -0.474  +0.569  +1.073  -0.077  -1.594  -0.473  (+0.737,+1.109,+1.123)  (+0.767,+1.109,+1.125)     0.10  PASS  (iters=4)
LIFT_RIVETED               -0.471  +0.361  +1.001  -0.071  -1.604  -0.479  (+0.737,+1.109,+1.273)  (+0.766,+1.110,+1.265)     0.04  PASS  (iters=2)
APPROACH_VISION            +0.129  +0.578  +0.950  +0.042  -1.564  +0.129  (+0.750,+0.804,+1.147)  (+0.780,+0.804,+1.149)     0.04  PASS  (iters=5)
PLACE_VISION               +0.129  +0.716  +1.258  -0.404  -1.564  +0.129  (+0.750,+0.804,+1.027)  (+0.780,+0.804,+1.029)     0.04  PASS  (iters=4)
RELEASE_VISION             +0.129  +0.679  +1.228  -0.337  -1.564  +0.129  (+0.750,+0.804,+1.047)  (+0.780,+0.804,+1.049)     0.04  PASS  (iters=4)
RETREAT_VISION             +0.129  +0.578  +0.950  +0.042  -1.564  +0.129  (+0.750,+0.804,+1.147)  (+0.780,+0.804,+1.149)     0.04  PASS  (iters=5)
APPROACH_ACCEPT_BIN        +2.336  +0.466  +1.215  -0.195  -1.535  +2.336  (+1.650,+0.720,+1.137)  (+1.680,+0.720,+1.139)     0.03  PASS  (iters=4)
DROP_ACCEPT_BIN            +2.336  +0.665  +1.455  -0.634  -1.535  +2.336  (+1.650,+0.720,+1.017)  (+1.680,+0.720,+1.019)     0.08  PASS  (iters=3)
APPROACH_REJECT_BIN        +1.488  -0.470  +2.184  -0.189  -1.521  +1.488  (+1.330,+0.720,+1.137)  (+1.360,+0.720,+1.139)     0.05  PASS  (iters=3)
DROP_REJECT_BIN            +1.488  -0.066  +2.540  -0.949  -1.521  +1.488  (+1.330,+0.720,+1.017)  (+1.360,+0.720,+1.019)     0.07  PASS  (iters=3)

Summary: 19/19 poses PASS (<= 25 mm)

Per-joint mesa clearance worst case: 1.0381 m
Joint-mesa fails: 0
