Pose                       q1       q2       q3       q4       q5       q6       CenterTgt XYZ           FK XYZ                  Err(mm)  Valid
-------------------------------------------------------------------------------------------------------------------------------------------------------------------------------
HOME                       +0.000  +0.000  +0.000  +1.571  -1.571  +0.000  (+1.104,+0.868,+1.433)  (+1.104,+0.868,+1.433)     0.00  PASS  (iters=0)
APPROACH_CONVEYOR          -1.990  +1.479  -1.598  +1.620  -1.616  -1.990  (+1.235,+1.365,+1.203)  (+1.308,+1.365,+1.206)     0.09  PASS  (iters=3)
PICK_CONVEYOR              -1.990  +1.984  -1.988  +1.505  -1.616  -1.990  (+1.235,+1.365,+1.083)  (+1.308,+1.365,+1.086)     0.07  PASS  (iters=3)
LIFT_CONVEYOR              -1.990  +1.356  -1.462  +1.607  -1.616  -1.990  (+1.235,+1.365,+1.232)  (+1.308,+1.365,+1.236)     0.01  PASS  (iters=4)
APPROACH_LOAD_FIXTURE      -0.516  +1.191  -0.837  +1.210  -1.595  -0.515  (+0.737,+1.109,+1.244)  (+0.810,+1.109,+1.247)     0.04  PASS  (iters=11)
PLACE_LOAD_FIXTURE         -0.516  +1.702  -1.388  +1.250  -1.595  -0.515  (+0.737,+1.109,+1.123)  (+0.810,+1.109,+1.127)     0.02  PASS  (iters=6)
RELEASE_LOAD_FIXTURE       -0.516  +1.624  -1.323  +1.264  -1.595  -0.515  (+0.737,+1.109,+1.143)  (+0.810,+1.109,+1.147)     0.04  PASS  (iters=6)
RETREAT_LOAD_FIXTURE       -0.516  +0.402  +0.796  +0.366  -1.595  -0.515  (+0.737,+1.109,+1.244)  (+0.810,+1.109,+1.247)     0.09  PASS  (iters=13)
APPROACH_PICK_RIVETED      -0.516  +0.402  +0.796  +0.366  -1.595  -0.515  (+0.737,+1.109,+1.244)  (+0.810,+1.109,+1.247)     0.09  PASS  (iters=13)
PICK_RIVETED               -0.516  +0.387  +1.348  -0.170  -1.595  -0.515  (+0.737,+1.109,+1.123)  (+0.810,+1.109,+1.127)     0.02  PASS  (iters=6)
LIFT_RIVETED               -0.517  +0.198  +1.284  -0.177  -1.603  -0.522  (+0.737,+1.109,+1.273)  (+0.805,+1.114,+1.248)     0.04  PASS  (iters=3)
APPROACH_VISION            +0.141  +0.392  +1.231  -0.052  -1.564  +0.141  (+0.750,+0.804,+1.147)  (+0.823,+0.804,+1.151)     0.04  PASS  (iters=6)
PLACE_VISION               +0.141  +0.566  +1.517  -0.513  -1.564  +0.141  (+0.750,+0.804,+1.027)  (+0.823,+0.804,+1.031)     0.05  PASS  (iters=5)
RELEASE_VISION             +0.141  +0.523  +1.488  -0.441  -1.564  +0.141  (+0.750,+0.804,+1.047)  (+0.823,+0.804,+1.051)     0.05  PASS  (iters=5)
RETREAT_VISION             +0.141  +0.392  +1.231  -0.052  -1.564  +0.141  (+0.750,+0.804,+1.147)  (+0.823,+0.804,+1.151)     0.04  PASS  (iters=6)
APPROACH_ACCEPT_BIN        +2.396  +0.636  +0.933  -0.085  -1.537  +2.397  (+1.650,+0.720,+1.137)  (+1.723,+0.720,+1.141)     0.06  PASS  (iters=6)
DROP_ACCEPT_BIN            +2.396  +0.793  +1.203  -0.512  -1.537  +2.397  (+1.650,+0.720,+1.017)  (+1.723,+0.720,+1.021)     0.08  PASS  (iters=5)
APPROACH_REJECT_BIN        +1.623  +0.190  +1.578  -0.250  -1.521  +1.623  (+1.330,+0.580,+1.137)  (+1.403,+0.580,+1.141)     0.02  PASS  (iters=4)
DROP_REJECT_BIN            +1.623  +0.438  +1.828  -0.748  -1.521  +1.623  (+1.330,+0.580,+1.017)  (+1.403,+0.580,+1.021)     0.02  PASS  (iters=4)

Summary: 19/19 poses PASS (<= 25 mm)

Per-joint mesa clearance worst case: 1.0398 m
Joint-mesa fails: 0
