Pose                       q1       q2       q3       q4       q5       q6       Target XYZ              FK XYZ                  Err(mm)  Valid
-------------------------------------------------------------------------------------------------------------------------------------------------------------------------------
HOME                       +0.000  +0.000  +0.000  +1.571  -1.571  +0.000  (+1.104,+0.868,+1.433)  (+1.104,+0.868,+1.433)     0.00  PASS  (iters=0)
APPROACH_CONVEYOR          -1.801  +1.489  -1.614  +1.634  -1.619  -1.801  (+1.235,+1.365,+1.203)  (+1.235,+1.365,+1.202)     0.03  PASS  (iters=77)
PICK_CONVEYOR              -1.801  +1.996  -1.999  +1.513  -1.619  -1.801  (+1.235,+1.365,+1.083)  (+1.235,+1.365,+1.083)     0.06  PASS  (iters=5)
LIFT_CONVEYOR              -1.801  +1.367  -1.480  +1.623  -1.619  -1.801  (+1.235,+1.365,+1.232)  (+1.235,+1.365,+1.232)     0.09  PASS  (iters=8)
APPROACH_LOAD_FIXTURE      -0.453  +0.909  -0.043  +0.696  -1.592  -0.452  (+0.737,+1.109,+1.244)  (+0.749,+1.106,+1.235)    14.74  PASS  (iters=400)
PLACE_LOAD_FIXTURE         -0.448  +1.537  -0.869  +0.898  -1.592  -0.447  (+0.737,+1.109,+1.123)  (+0.737,+1.109,+1.124)     0.10  PASS  (iters=10)
RELEASE_LOAD_FIXTURE       -0.449  +0.967  -0.092  +0.689  -1.592  -0.449  (+0.737,+1.109,+1.224)  (+0.741,+1.108,+1.221)     4.55  PASS  (iters=400)
RETREAT_LOAD_FIXTURE       -0.453  +0.901  -0.027  +0.688  -1.592  -0.452  (+0.737,+1.109,+1.244)  (+0.749,+1.106,+1.235)    14.71  PASS  (iters=400)
APPROACH_PICK_RIVETED      -0.453  +0.902  -0.028  +0.688  -1.592  -0.452  (+0.737,+1.109,+1.244)  (+0.749,+1.106,+1.235)    14.71  PASS  (iters=400)
PICK_RIVETED               -0.448  +1.537  -0.870  +0.898  -1.592  -0.447  (+0.737,+1.109,+1.123)  (+0.737,+1.109,+1.124)     0.04  PASS  (iters=12)
LIFT_RIVETED               -0.450  +1.353  -0.968  +0.827  -1.583  -0.445  (+0.737,+1.109,+1.273)  (+0.737,+1.109,+1.273)     0.02  PASS  (iters=4)
APPROACH_VISION            +0.142  +1.612  -1.292  +1.251  -1.564  +0.141  (+0.824,+0.804,+1.147)  (+0.824,+0.804,+1.147)     0.03  PASS  (iters=15)
PLACE_VISION               +0.142  +2.056  -1.569  +1.084  -1.564  +0.141  (+0.824,+0.804,+1.027)  (+0.824,+0.804,+1.028)     0.04  PASS  (iters=11)
RELEASE_VISION             +0.142  +1.690  -1.358  +1.238  -1.564  +0.141  (+0.824,+0.804,+1.127)  (+0.824,+0.804,+1.127)     0.04  PASS  (iters=8)
RETREAT_VISION             +0.142  +1.612  -1.292  +1.251  -1.564  +0.141  (+0.824,+0.804,+1.147)  (+0.824,+0.804,+1.147)     0.06  PASS  (iters=6)
APPROACH_ACCEPT_BIN        +2.103  +1.737  -1.576  +1.335  -1.528  +2.104  (+1.580,+0.679,+1.137)  (+1.580,+0.679,+1.137)     0.05  PASS  (iters=27)
DROP_ACCEPT_BIN            +2.103  +2.203  -1.811  +1.104  -1.528  +2.104  (+1.580,+0.679,+1.017)  (+1.580,+0.679,+1.018)     0.02  PASS  (iters=6)
APPROACH_REJECT_BIN        +1.361  +1.669  -2.147  +2.009  -1.522  +1.361  (+1.320,+0.684,+1.137)  (+1.320,+0.684,+1.137)     0.06  PASS  (iters=15)
DROP_REJECT_BIN            +1.361  +2.311  -2.471  +1.691  -1.522  +1.360  (+1.320,+0.684,+1.017)  (+1.320,+0.684,+1.018)     0.09  PASS  (iters=7)

Summary: 19/19 poses PASS (<= 20 mm)
